Report for 1st_year:

1. Folders with video files AND images in subfolders: 73
   Folders: 714024247065, 714024247023, 714024247102, 714024247078, 714024247048, 714024247011, 714024247006, 714024247108, 714024247021, 714024247091, 714024247017, 714024247042, 714024247003, 714024247089, 714024247075, 714024247097, 714024247074, 714024247060, 714024247049, 714024247037, 714024247093, 714024247066, 714024247069, 714024247009, 714024247056, 714024247051, 714024247071, 714024247090, 714024247022, 714024247014, 714024247099, 714024247058, 714024247016, 714024247086, 714024247076, 714024247081, 714024247106, 714024247033, 714024247073, 714024247063, 714024247095, 714024247027, 714024247041, 714024247012, 714024247096, 714024247025, 714024247001, 714024247085, 714024247098, 714024247031, 714024247087, 714024247015, 714024247084, 714024247103, 714024247034, 714024247020, 714024247004, 714024247100, 714024247061, 714024247024, 714024247046, 714024247007, 714024247040, 714024247082, 714024247036, 714024247029, 714024247059, 714024247068, 714024247054, 714024247094, 714024247072, 714024247083, 714024247064

2. Folders with ONLY video files (no images in subfolders): 5
   Folders: 714024247062 , 714024247047, 714024247107, 714024247079, 714024247002

3. Students who havent given video: 14
   Folders: 714024247104, 714024247038, 714024247030, 714024247109, 714024247032, 714024247013, 714024247062, 714024247070, 714024247080, 714024247044, 714024247067, 714024247101, 714024247035, 714024247010

